 YEAR     JAN     FEB     MAR     APR     MAY     JUN     JUL     AUG     SEP     OCT     NOV     DEC     MAM     JJA     SON     DJF     ANN
 1901    23.4    23.1    23.4    22.1    20.3    18.0    17.6    19.2    21.3    23.7    24.5    23.9    22.0    18.3    23.1    23.4    21.7
 1902    23.2    23.2    23.1    22.8    20.4    18.9    18.7    20.0    22.2    23.5    24.7    24.2    22.1    19.2    23.5    23.7    22.1
 1903    23.4    23.5    23.3    22.8    20.9    18.8    17.9    19.8    22.7    24.5    24.4    23.5    22.3    18.8    23.9    23.0    22.1
 1904    22.8    22.6    22.2    22.4    19.9    18.8    17.5    19.3    20.9    23.8    24.5    23.1    21.5    18.5    23.1    23.3    21.5
 1905    23.4    23.3    22.6    21.7    20.2    19.5    17.6    19.8    22.4    25.1    24.9    24.2    21.5    18.9    24.1    23.6    22.0
 1906    23.9    22.8    22.6    21.6    20.4    18.3    17.9    18.9    21.4    23.7    24.1    23.8    21.5    18.3    23.1    23.3    21.6
 1907    23.2    22.8    23.0    21.9    20.1    18.1    17.1    18.3    21.2    24.1    24.4    24.0    21.7    17.8    23.2    23.4    21.5
 1908    23.3    22.9    23.1    22.5    19.5    18.6    17.9    19.7    21.9    24.8    24.9    24.1    21.7    18.7    23.9    23.5    21.9
 1909    23.2    23.3    23.1    22.1    20.1    18.1    18.0    19.4    21.5    24.2    24.4    24.1    21.8    18.5    23.4    23.4    21.8
 1910    23.1    23.1    23.0    21.8    19.7    18.2    17.5    19.2    21.2    23.4    24.4    23.8    21.5    18.3    23.0    23.2    21.5
 1911    22.9    22.8    22.6    21.5    20.2    17.7    17.0    18.8    20.7    24.3    24.7    25.0    21.4    17.8    23.2    24.2    21.5
 1912    24.0    23.7    22.7    22.7    21.4    18.3    17.5    18.8    21.8    23.8    25.8    23.4    22.3    18.2    23.8    23.4    22.0
 1913    23.4    23.4    22.9    22.4    20.5    17.9    18.4    19.7    22.0    24.9    25.4    24.3    21.9    18.6    24.1    23.9    22.1
 1914    24.1    23.1    24.1    23.8    21.0    19.1    17.8    19.7    22.8    25.4    25.6    24.5    23.0    18.9    24.6    23.8    22.6
 1915    23.6    23.3    23.2    23.0    20.2    19.0    19.1    19.6    22.3    25.3    25.5    24.6    22.2    19.2    24.4    24.3    22.4
 1916    23.6    24.7    24.1    22.8    20.3    18.8    18.2    19.1    22.2    25.5    24.6    24.2    22.4    18.7    24.1    24.0    22.3
 1917    23.7    24.2    23.6    22.5    21.3    19.2    18.4    19.5    21.5    24.7    25.1    23.1    22.5    19.1    23.8    22.8    22.2
 1918    22.2    22.9    22.9    21.3    19.7    17.8    17.8    17.9    21.8    25.6    25.1    24.2    21.3    17.8    24.2    23.6    21.6
 1919    23.5    23.0    23.2    23.0    19.3    18.3    17.9    18.8    21.6    23.5    24.5    24.3    21.9    18.4    23.2    24.1    21.8
 1920    24.2    23.8    23.2    21.8    21.0    18.7    18.1    19.4    22.9    25.3    25.4    24.7    22.0    18.7    24.5    24.2    22.4
 1921    23.9    23.9    23.8    22.4    20.3    19.0    17.8    18.8    21.6    24.7    24.6    23.9    22.2    18.5    23.6    23.8    22.1
 1922    24.2    23.4    24.6    22.9    21.0    19.3    18.2    20.9    22.4    24.2    25.5    24.7    22.8    19.5    24.0    23.9    22.6
 1923    23.7    23.2    23.2    22.6    20.5    18.9    18.1    19.4    21.8    24.7    26.3    24.3    22.1    18.8    24.3    23.7    22.2
 1924    23.2    23.6    24.0    21.7    21.0    19.2    17.9    19.2    22.0    24.3    24.9    23.7    22.2    18.8    23.7    23.1    22.0
 1925    22.8    23.0    23.2    22.7    20.3    19.0    17.9    19.0    20.5    23.7    25.3    24.9    22.1    18.6    23.2    24.2    21.9
 1926    23.5    24.3    23.5    22.2    20.5    18.6    17.9    19.0    22.0    24.8    25.3    24.2    22.0    18.5    24.0    23.7    22.1
 1927    23.6    23.3    22.8    22.3    20.0    17.9    18.2    19.1    21.6    24.4    24.8    24.3    21.7    18.4    23.6    23.9    21.8
 1928    23.9    23.6    23.7    22.3    19.8    19.4    17.6    19.1    22.5    25.2    25.6    24.2    22.0    18.7    24.4    23.6    22.2
 1929    23.2    23.2    22.9    21.9    20.6    19.0    18.4    18.8    22.7    25.6    26.0    23.8    21.8    18.7    24.8    23.4    22.2
 1930    23.0    23.3    23.3    22.4    19.6    18.0    17.6    19.0    21.8    24.1    25.3    24.5    21.7    18.2    23.7    24.0    21.8
 1931    23.5    24.0    23.6    22.6    21.4    18.5    18.6    20.3    22.4    25.2    24.5    23.7    22.5    19.1    24.0    23.5    22.4
 1932    23.5    23.4    22.9    22.3    19.9    18.3    17.5    18.8    22.6    24.6    24.9    23.8    21.7    18.2    24.1    23.2    21.9
 1933    22.9    23.0    23.3    22.0    20.2    19.1    18.4    19.1    20.9    24.3    25.0    23.3    21.8    18.8    23.4    23.2    21.8
 1934    23.3    23.0    23.0    22.4    20.9    18.9    18.6    20.0    21.3    24.1    24.3    23.4    22.1    19.2    23.2    22.9    21.9
 1935    23.1    22.1    22.8    21.3    20.4    17.9    17.8    17.9    22.4    24.9    24.5    23.7    21.5    17.9    23.9    23.4    21.6
 1936    23.2    23.4    22.9    21.7    20.4    18.3    18.2    18.8    21.1    24.5    25.1    23.6    21.7    18.4    23.6    23.5    21.8
 1937    23.5    23.5    23.2    22.1    20.2    18.6    17.5    18.6    21.9    24.1    25.4    23.7    21.8    18.3    23.8    23.5    21.9
 1938    23.5    23.2    22.8    22.8    20.6    18.7    18.4    19.3    22.0    25.0    24.7    23.7    22.1    18.8    23.9    23.5    22.1
 1939    23.0    23.6    22.3    21.6    20.4    17.7    17.8    19.6    21.1    24.4    24.3    23.6    21.4    18.4    23.3    23.2    21.6
 1940    23.1    23.1    23.4    22.3    20.4    18.9    17.6    19.5    22.7    23.4    24.9    24.9    22.0    18.7    23.7    24.1    22.0
 1941    23.4    24.0    23.2    23.2    21.0    19.0    18.1    19.6    22.4    25.2    25.3    24.3    22.5    18.9    24.3    24.2    22.4
 1942    24.2    24.0    24.0    22.3    20.5    19.7    18.2    20.1    22.2    23.5    24.1    24.1    22.3    19.3    23.3    23.4    22.2
 1943    23.3    22.7    22.8    22.5    20.1    18.1    18.2    19.7    21.3    24.6    25.3    24.1    21.8    18.7    23.7    23.8    21.9
 1944    24.0    23.4    22.6    22.1    20.0    19.1    18.6    19.8    22.0    24.8    24.8    24.0    21.6    19.2    23.9    23.4    22.1
 1945    23.0    23.2    23.3    22.1    20.1    17.3    17.5    18.8    21.1    25.1    24.6    24.2    21.8    17.9    23.6    23.9    21.7
 1946    23.9    23.7    23.2    22.2    20.2    18.0    17.4    18.5    21.8    25.0    24.4    24.2    21.9    17.9    23.7    23.9    21.9
 1947    23.8    23.7    23.0    22.9    20.0    18.4    18.1    19.0    21.7    24.4    25.5    24.0    22.0    18.5    23.9    23.7    22.0
 1948    23.6    23.5    23.5    22.6    20.7    18.6    18.2    19.3    21.4    24.8    24.9    24.6    22.3    18.7    23.7    24.0    22.1
 1949    24.3    23.3    23.4    22.5    20.8    18.6    18.6    20.2    22.5    24.6    25.8    24.6    22.2    19.1    24.3    23.7    22.4
 1950    23.2    23.3    23.2    22.6    19.3    18.3    18.5    19.0    21.5    23.3    24.3    24.5    21.7    18.6    23.0    23.3    21.8
 1951    22.7    22.8    23.3    22.8    20.6    18.2    17.7    19.7    21.9    25.0    24.8    24.0    22.2    18.5    23.9    23.7    21.9
 1952    23.9    23.4    23.3    22.5    20.1    18.5    18.3    20.0    22.1    24.5    24.0    24.3    22.0    18.9    23.6    23.9    22.1
 1953    23.6    23.8    23.1    22.7    20.4    18.1    17.7    19.5    20.4    24.6    26.1    24.1    22.1    18.4    23.7    23.8    22.0
 1954    23.5    23.7    23.0    22.4    21.0    17.6    18.0    19.7    21.9    25.2    24.4    24.1    22.1    18.4    23.9    23.6    22.0
 1955    23.4    23.3    22.7    21.9    19.9    18.2    18.4    19.2    21.5    24.6    25.5    23.9    21.5    18.6    23.9    23.3    21.9
 1956    22.7    23.2    23.2    21.9    20.4    18.4    17.5    19.8    21.1    24.0    24.1    23.2    21.9    18.6    23.1    23.2    21.6
 1957    23.1    23.3    23.1    22.5    20.0    18.2    18.6    20.0    22.9    25.3    26.5    24.0    21.9    18.9    24.9    23.8    22.3
 1958    23.9    23.5    23.2    23.1    20.5    18.5    17.5    19.0    22.8    24.6    25.8    24.7    22.3    18.3    24.4    23.9    22.3
 1959    23.8    23.4    23.3    22.7    21.7    19.1    18.9    19.8    21.5    24.3    24.6    24.2    22.6    19.2    23.5    23.6    22.3
 1960    23.3    23.3    22.6    22.1    20.4    19.1    17.5    20.0    21.8    24.7    25.0    24.8    21.7    18.8    23.8    23.8    22.0
 1961    23.4    23.1    23.3    23.0    21.6    19.3    18.5    18.7    22.1    24.9    23.9    23.5    22.7    18.9    23.6    23.1    22.1
 1962    22.8    23.2    22.8    22.4    18.9    18.7    18.2    19.9    21.7    24.5    24.7    23.4    21.3    18.9    23.6    22.9    21.7
 1963    22.7    22.5    22.2    21.5    19.1    17.6    18.4    19.2    21.7    24.7    23.7    23.6    20.9    18.4    23.4    23.4    21.4
 1964    23.1    23.5    23.6    22.2    19.5    18.3    16.8    19.0    21.1    24.6    24.5    23.2    21.8    18.0    23.4    22.8    21.6
 1965    22.4    22.9    22.4    21.6    19.2    17.6    17.6    19.3    21.1    23.0    24.9    24.1    21.1    18.2    23.0    23.6    21.3
 1966    23.7    23.2    22.7    22.0    20.6    18.6    18.6    20.0    22.3    24.0    24.9    24.4    21.8    19.1    23.7    23.9    22.1
 1967    23.6    23.6    23.0    22.5    20.6    19.3    17.5    19.1    21.4    24.6    24.4    23.6    22.0    18.6    23.5    23.4    21.9
 1968    23.7    23.0    22.5    21.8    20.5    17.6    18.3    20.2    21.6    24.8    23.8    23.6    21.6    18.7    23.4    23.6    21.8
 1969    23.3    23.8    23.5    22.8    20.2    18.7    18.4    19.8    21.8    25.3    25.5    23.6    22.2    19.0    24.2    23.5    22.2
 1970    23.4    23.6    23.2    21.9    20.5    19.1    19.1    20.4    23.0    24.2    24.6    23.3    21.9    19.5    23.9    22.9    22.2
 1971    22.7    22.7    23.2    22.7    19.8    18.1    18.5    19.9    21.8    23.8    24.1    23.6    21.9    18.8    23.3    23.1    21.8
 1972    23.0    22.8    23.0    22.4    21.0    17.8    17.8    19.3    22.4    24.4    24.1    24.9    22.1    18.3    23.6    24.1    21.9
 1973    23.8    23.6    24.0    21.9    20.6    18.3    17.8    19.3    22.7    24.6    24.5    23.5    22.2    18.5    24.0    22.9    22.1
 1974    22.6    22.7    22.5    21.3    19.8    17.9    17.5    19.8    21.0    23.9    24.8    23.4    21.2    18.4    23.2    23.2    21.4
 1975    23.2    23.0    22.6    22.5    20.8    18.6    18.1    18.8    21.5    23.1    24.6    23.7    22.0    18.5    23.1    23.1    21.7
 1976    23.0    22.6    22.8    21.9    19.6    18.5    17.5    18.4    22.0    23.9    26.0    24.9    21.4    18.1    24.0    24.0    21.7
 1977    23.5    23.7    23.0    22.0    21.0    18.7    18.3    19.7    22.4    25.3    24.9    24.1    22.0    18.9    24.2    23.7    22.2
 1978    23.5    23.6    23.0    22.1    20.1    18.0    17.1    20.6    22.7    24.8    24.3    23.0    21.7    18.6    23.9    23.2    21.9
 1979    23.2    23.4    23.2    22.2    20.1    18.1    17.8    19.9    22.3    24.9    24.6    23.7    21.8    18.6    23.9    23.8    22.0
 1980    23.7    24.1    22.9    22.5    20.4    17.7    17.4    19.1    21.9    23.7    25.7    23.7    22.0    18.1    23.8    23.8    21.9
 1981    24.1    23.5    23.3    21.7    19.3    17.8    17.3    19.4    21.5    23.1    25.5    24.3    21.4    18.2    23.3    23.8    21.7
 1982    23.6    23.5    23.4    22.3    19.7    18.9    18.2    19.3    21.1    23.3    24.5    24.7    21.8    18.8    23.0    24.5    21.9
 1983    24.4    24.3    24.5    23.4    22.3    20.2    19.2    19.1    22.7    23.9    26.2    24.2    23.4    19.5    24.3    23.8    22.9
 1984    23.9    23.2    23.1    22.2    21.0    18.7    18.7    19.2    22.6    24.8    24.0    23.6    22.1    18.9    23.8    23.4    22.1
 1985    23.7    23.0    23.3    21.9    20.1    18.2    18.2    19.2    22.3    24.0    23.9    23.6    21.8    18.5    23.4    23.3    21.8
 1986    23.0    23.2    23.1    22.6    20.5    18.0    17.9    19.7    21.9    24.0    24.3    23.9    22.1    18.5    23.4    23.8    21.8
 1987    23.4    24.1    24.0    22.9    21.5    18.4    18.3    20.3    23.1    23.7    26.0    25.2    22.8    19.0    24.3    24.2    22.6
 1988    24.0    23.5    23.7    23.4    20.2    19.6    18.8    19.8    22.3    24.2    23.7    23.8    22.4    19.4    23.4    23.1    22.2
 1989    22.9    22.7    22.8    21.9    20.3    18.7    18.4    19.6    21.7    23.9    24.7    23.8    21.7    18.9    23.4    23.4    21.8
 1990    23.2    23.3    23.6    22.9    20.9    19.9    18.5    19.2    21.4    24.7    25.6    25.0    22.5    19.2    23.9    24.2    22.4
 1991    23.8    23.8    23.7    22.1    21.0    18.9    18.3    19.6    22.5    23.9    24.4    23.7    22.3    18.9    23.6    23.9    22.1
 1992    24.1    24.0    24.3    23.3    21.7    19.4    18.3    19.1    22.5    25.2    25.1    24.7    23.1    19.0    24.3    23.9    22.6
 1993    23.4    23.5    22.9    23.2    21.1    18.9    18.5    19.2    21.9    24.7    24.7    25.3    22.4    18.9    23.8    24.3    22.3
 1994    24.0    23.6    23.7    22.6    20.8    19.1    18.2    19.7    22.4    23.5    26.1    24.9    22.4    19.0    24.0    24.2    22.4
 1995    23.7    24.0    24.0    22.9    21.4    19.0    18.9    20.9    22.6    25.8    26.2    24.2    22.8    19.6    24.9    23.8    22.8
 1996    24.0    23.3    23.2    21.7    21.0    18.8    18.2    20.1    22.7    24.5    26.6    24.7    21.9    19.1    24.6    23.9    22.4
 1997    24.0    23.1    24.1    22.5    20.4    20.3    18.5    20.2    22.7    24.0    25.8    24.3    22.3    19.7    24.2    24.3    22.5
 1998    24.2    24.3    24.8    22.9    21.3    19.4    18.9    20.2    22.4    24.9    25.9    24.7    23.0    19.5    24.4    24.0    22.8
 1999    23.7    23.7    23.5    22.1    20.7    19.1    18.3    19.7    21.8    23.4    25.1    25.3    22.1    19.0    23.4    24.3    22.2
 2000    23.9    23.5    23.5    22.6    20.9    19.4    18.2    19.2    22.7    24.0    24.5    24.3    22.3    18.9    23.7    23.6    22.2
 2001    23.3    23.4    23.6    22.7    20.7    19.0    18.4    20.2    22.6    24.6    25.9    24.7    22.3    19.2    24.4    24.1    22.4
 2002    23.9    23.7    23.8    22.6    21.1    18.9    19.8    20.5    22.3    24.9    25.0    24.7    22.5    19.7    24.1    24.4    22.6
 2003    24.2    24.2    24.1    22.4    21.0    19.5    17.9    19.9    22.7    25.2    26.4    24.9    22.5    19.1    24.8    24.4    22.7
 2004    24.4    23.9    24.1    22.5    20.2    18.6    18.4    20.9    22.5    24.7    25.8    24.2    22.3    19.3    24.3    24.6    22.5
 2005    24.3    25.2    24.7    23.5    21.0    20.4    19.7    21.1    22.8    25.4    26.4    25.1    23.1    20.4    24.8    24.4    23.3
 2006    24.1    24.0    23.7    22.7    21.4    19.5    18.8    20.4    22.0    25.3    25.2    24.7    22.6    19.6    24.2    24.0    22.7
 2007    23.4    23.8    23.9    23.2    21.0    19.7    18.4    20.2    23.5    24.9    25.7    24.6    22.7    19.5    24.7    23.8    22.7
 2008    23.6    23.2    23.0    22.0    21.2    18.6    18.8    20.1    22.9    25.3    25.9    24.6    22.0    19.2    24.7    24.1    22.4
 2009    24.2    23.6    23.1    21.8    20.9    20.1    17.9    20.2    23.3    25.0    25.1    25.1    21.9    19.4    24.5    24.7    22.5
 2010    24.8    24.2    24.1    23.5    21.9    19.4    19.1    19.7    22.7    26.0    26.2    24.4    23.2    19.4    25.0    23.8    23.0
 2011    23.6    23.6    23.3    22.6    21.2    19.9    18.4    19.5    22.5    24.8    25.2    24.1    22.4    19.3    24.2    23.7    22.4
 2012    23.2    23.9    23.7    21.7    20.7    19.1    18.4    20.0    23.1    25.0    25.2    24.5    22.0    19.2    24.5    24.0    22.4
 2013    24.0    23.6    23.4    22.4    20.4    19.2    18.4    20.4    23.3    24.2    25.6    24.4    22.1    19.3    24.4    23.8    22.5
 2014    23.6    23.4    23.6    22.2    21.3    19.5    19.0    20.5    22.2    24.3    25.4    24.9    22.4    19.7    24.0    24.2    22.5
 2015    23.6    24.0    23.5    22.6    21.1    19.6    19.3    20.4    23.0    25.6    25.8    25.5    22.4    19.8    24.8    24.9    22.8
 2016    24.3    24.8    24.5    22.2    20.4    19.2    19.0    20.1    22.8    25.1    25.7    25.0    22.4    19.4    24.5    24.3    22.8
 2017    24.0    23.9    23.0    22.6    21.3    19.9    19.4    19.9    22.8    24.9    24.9    24.3    22.3    19.7    24.2    24.0    22.6
 2018    23.8    24.1    23.4    22.7    21.7    19.4    18.5    20.6    23.6    23.8    24.7    24.2    22.6    19.5    24.1    23.9    22.6
 2019    23.7    23.9    23.7    23.4    20.9    19.2    19.0    20.9    22.7    25.7    25.8    24.8    22.7    19.7    24.7  -999.0    22.8